0000000000000000000f00000000000000000000
0000000000000000000100000000000000000000
0000000000000000000100000000000000000000
0000000000000000000100000000000000000000
0000000000000000000100000000000000000000
0000000000000000000100000000000000000000
0000000000000000000100000000000000000000
0000000000000000000100000000000000000000
0000000000000000000100000000000000000000
0000000000000000000100000000000000000000
0000000000000000000100000000000000000000
0000000000000000000100000000000000000000
0000000000000000000100000000000000000000
0000000000000000000100000000000000000000
0000000000000000000100000000000000000000
0000000000000000000100000000000000000000
0000000000000000000100000000000000000000
0000000000000000000100000000000000000000
0000000000000000000100000000000000000000
0000000000000000000100000000000000000000
0000000000000000000100000000000000000000
0000000000000000000100000000000000000000
0000000000000000000100000000000000000000
0000000000000000000100000000000000000000
0000000000000000000100000000000000000000
0000000000000000000100000000000000000000
0000000000000000000100000000000000000000
0000000000000000000100000000000000000000
0000000000000000000100000000000000000000
0000000000000000000s00000000000000000000